[geometry]
count=4
id=120
[fiducial0]
x=53.030000
y=-53.030000
z=9.644827
[fiducial1]
x=-43.020000
y=-61.440000
z=9.644827
[fiducial2]
x=53.030000
y=53.030000
z=9.644827
[fiducial3]
x=-70.480000
y=25.650000
z=9.644827
[pivot]
x=0.000000
y=0.000000
z=0.000000