[geometry]
count=3
id=117
[fiducial0]
x=126.880000
y=-59.170000
z=9.644827
[fiducial1]
x=70.000000
y=-121.240000
z=9.644827
[fiducial2]
x=-47.880000
y=-131.560000
z=9.644827
[pivot]
x=0.000000
y=0.000000
z=0.000000
